12.4564217952245
33.3903232910212
39.4339498504859
26.9631652769451
8.1778593151838
-8.38338138981461
-29.5739395503973
-50.9343930650225
-33.6549849180198
-8.70092810388437
12.3919696938119
48.8166393840793
68.0274591796323
54.2310160424495
28.2128170978974
9.69937990760881
-6.24474987431876
-19.5458706756942
-21.1110404297641
-22.7590632293673
-32.0261825301921
-41.4938388332036
-12.1559607958042
32.5586410707000
61.2028606122844
54.1595186584498
39.1575942094848
30.2425319642989
29.6897781062698
7.13822043593587
-9.0857570118129
-15.1263264804608
-9.91134059871965
10.8413559938006
33.1410729894484
48.3056485688499
43.7123713242749
35.1459711397150
26.9671269675144
22.3123913141298
18.4226222455684
5.77278381625317
1.22066891035048
-1.12339219109787
-0.302775101787519
13.3840896773196
29.6752743317153
38.5999567458435
43.9059247400235
50.6707837027459
47.3692998408624
45.4749846142281
45.8190263423329
32.4748945409405
-0.57033638431125
-14.6953811851601
-10.3089376269675
2.57106604345291
20.4328714564286
48.0887780399208
68.289796940285
68.6058632477817
47.1022722482011
33.0278775255582
26.2906947074319
28.7090197975705
28.2513850157973
16.9591934496499
19.6021469500191
39.883011800332
51.4342144079177
65.1212001645974
89.7797486711934
98.322404170121
94.2304333461698
78.9928087234313
49.7562705403509
29.1347785549909
19.9453703260021
15.9653438248475
20.2760492734425
39.0903962366966
64.1102606893372
87.3548630362257
100.180230139206
110.567813780295
115.329657204391
107.770297137334
81.1906160898997
59.3441264795141
44.2282042963932
40.8508319827202
49.0873506053636
71.4052624617657
98.4896805055993
114.373445469852
115.398800764441
107.545131452901
109.044642220688
119.485446918526
118.288080314317
91.3551961420628
68.4026536629093
64.5587534142484
78.6160975736785
98.0709739811057
108.787570299277
119.585389238627
145.543291567535
180.617709212604
186.288676921682
157.695445880835
119.807381952131
100.616890222628
109.433013759895
122.951529508986
114.319294897504
108.661597751801
119.076607013514
140.745734628706
175.537469058337
208.670033952631
197.523859375915
155.481654900633
120.426931052229
109.945689255541
130.510242437790
146.948769486534
149.050397268452
160.720718002036
196.316942305785
223.20314610411
214.522258964143
186.059890273489
167.448029411693
171.534715599615
179.518666620581
164.129684133145
145.210577521123
166.523057928171
192.294515248422
201.363546234209
211.074918440084
214.795258744714
